197 33 223 34 0
197 33 176 46 0
197 33 195 49 0
197 33 218 51 -1
197 33 250 36 0
197 33 206 72 -1
197 33 237 70 -1
223 34 234 19 0
223 34 250 36 0
223 34 218 51 0
223 34 240 51 0
234 19 250 36 0
234 19 306 30 0
234 19 417 40 1
234 19 281 113 -1
250 36 272 37 0
250 36 240 51 0
250 36 260 54 0
250 36 313 14 0
250 36 237 70 -1
250 36 296 59 -1
250 36 334 64 -1
272 37 288 20 0
272 37 240 51 0
272 37 260 54 0
272 37 278 59 0
272 37 293 43 0
288 20 306 30 0
288 20 293 43 0
306 30 332 23 0
306 30 293 43 0
306 30 319 43 0
306 30 417 40 1
306 30 281 113 -1
306 30 334 64 -1
332 23 353 31 0
332 23 319 43 0
332 23 339 45 0
353 31 374 23 0
353 31 339 45 0
353 31 363 47 0
374 23 393 23 0
374 23 363 47 0
374 23 380 50 0
393 23 412 21 1
393 23 380 50 -1
393 23 400 48 -1
412 21 433 29 1
412 21 400 48 -1
412 21 417 40 1
